1 1 1.39727
2 1 1.15691
3 1 1.01078
4 1 0.897388
5 1 0.801465
6 1 0.719643
7 1 0.650794
8 1 0.596176
9 1 0.552944
10 1 0.521106
11 1 0.501954
12 1 0.495492
1 2 0.994199
2 2 0.705658
3 2 0.562619
4 2 0.466004
5 2 0.389799
6 2 0.32869
7 2 0.27871
8 2 0.239357
9 2 0.208851
10 2 0.187835
11 2 0.175027
12 2 0.170686
1 3 0.709488
2 3 0.431424
3 3 0.316074
4 3 0.246749
5 3 0.192671
6 3 0.152966
7 3 0.121405
8 3 0.0974812
9 3 0.0798181
10 3 0.066591
11 3 0.0575979
12 3 0.0538239
1 4 0.507004
2 4 0.265118
3 4 0.179384
4 4 0.132701
5 4 0.0983775
6 4 0.074239
7 4 0.0571934
8 4 0.0425984
9 4 0.0339092
10 4 0.0255191
11 4 0.0203521
12 4 0.0206693
1 5 0.362213
2 5 0.163366
3 5 0.101189
4 5 0.071594
5 5 0.0501085
6 5 0.0360994
7 5 0.0273256
8 5 0.0204943
9 5 0.0142885
10 5 0.011273
11 5 0.0096169
12 5 0.00979255
1 6 0.26006
2 6 0.100725
3 6 0.0577753
4 6 0.0396704
5 6 0.0252317
6 6 0.0176267
7 6 0.0127372
8 6 0.0116904
9 6 0.0085451
10 6 0.00618521
11 6 0.00561046
12 6 0.00873161
1 7 0.186153
2 7 0.0616275
3 7 0.0323031
4 7 0.0229903
5 7 0.0131066
6 7 0.00928274
7 7 0.00620186
8 7 0.00620878
9 7 0.00503417
10 7 0.00272081
11 7 0.00155202
12 7 0.00626713
1 8 0.133374
2 8 0.0379299
3 8 0.0180519
4 8 0.0123402
5 8 0.00541463
6 8 0.00575134
7 8 0.00375732
8 8 0.00255226
9 8 0.00124962
10 8 0.000503367
11 8 -0.00170061
12 8 0.00495255
1 9 0.0956298
2 9 0.0233293
3 9 0.0112305
4 9 0.00797903
5 9 0.00502496
6 9 0.002486
7 9 0.0034533
8 9 0.00148186
9 9 0.000649204
10 9 -0.000675359
11 9 -0.000874445
12 9 0.00210282
1 10 0.0690604
2 10 0.0154633
3 10 0.00698822
4 10 0.0046053
5 10 0.00293265
6 10 0.000303914
7 10 0.000304874
8 10 -0.000150998
9 10 -3.47969e-05
10 10 -0.00156289
11 10 -0.00133319
12 10 -0.000794449
1 11 0.050026
2 11 0.011377
3 11 0.00382818
4 11 0.00219718
5 11 0.00148334
6 11 0.00030815
7 11 0.00107974
8 11 0.00112712
9 11 0.000808884
10 11 -0.00235419
11 11 -0.000977626
12 11 0.00156368
1 12 0.0361526
2 12 0.00719224
3 12 0.000734733
4 12 0.000699543
5 12 0.000679987
6 12 -0.00065376
7 12 -0.00156407
8 12 0.000321554
9 12 0.000318262
10 12 -0.000574463
11 12 0.00104801
12 12 0.00322072
1 1 1.39897
2 1 1.16048
3 1 1.01806
4 1 0.906256
5 1 0.810671
6 1 0.730664
7 1 0.663823
8 1 0.609
9 1 0.567574
10 1 0.538054
11 1 0.519943
12 1 0.513951
1 2 0.998381
2 2 0.712968
3 2 0.575912
4 2 0.48224
5 2 0.409487
6 2 0.351578
7 2 0.305358
8 2 0.268106
9 2 0.242745
10 2 0.223014
11 2 0.212873
12 2 0.208712
1 3 0.714211
2 3 0.439228
3 3 0.328496
4 3 0.2595
5 3 0.209134
6 3 0.170945
7 3 0.142732
8 3 0.12011
9 3 0.108238
10 3 0.0966559
11 3 0.0926606
12 3 0.0910605
1 4 0.51162
2 4 0.272501
3 4 0.188851
4 4 0.142148
5 4 0.110102
6 4 0.0862057
7 4 0.0705647
8 4 0.0586012
9 4 0.0516211
10 4 0.0424969
11 4 0.0426837
12 4 0.0409691
1 5 0.366454
2 5 0.169352
3 5 0.108456
4 5 0.0787425
5 5 0.0574322
6 5 0.0427145
7 5 0.0334548
8 5 0.0256225
9 5 0.0244644
10 5 0.0169506
11 5 0.015933
12 5 0.0159184
1 6 0.26343
2 6 0.107036
3 6 0.0637072
4 6 0.0445021
5 6 0.0311001
6 6 0.0199192
7 6 0.0161601
8 6 0.0128574
9 6 0.0108088
10 6 0.0073585
11 6 0.0063327
12 6 0.00403705
1 7 0.189487
2 7 0.0675625
3 7 0.0373903
4 7 0.025239
5 7 0.0145824
6 7 0.00958604
7 7 0.00826078
8 7 0.0060823
9 7 0.00526819
10 7 0.00170276
11 7 0.00112719
12 7 0.00213001
1 8 0.136194
2 8 0.0428094
3 8 0.0213654
4 8 0.0142101
5 8 0.00768824
6 8 0.00412529
7 8 0.00247045
8 8 0.00354817
9 8 0.00342502
10 8 0.00147855
11 8 0.000369921
12 8 0.00116157
1 9 0.0968809
2 9 0.0267429
3 9 0.0118337
4 9 0.008304
5 9 0.00352148
6 9 0.00267992
7 9 -0.000416055
8 9 0.00107761
9 9 0.00104668
10 9 0.000695119
11 9 -0.00161168
12 9 0.0012008
1 10 0.0696199
2 10 0.0168733
3 10 0.00683275
4 10 0.00631302
5 10 0.000952821
6 10 0.00120391
7 10 -0.00136279
8 10 -0.000195888
9 10 0.00100527
10 10 0.00154683
11 10 -0.000457111
12 10 0.000609803
1 11 0.0504265
2 11 0.0112682
3 11 0.00376172
4 11 0.00537538
5 11 0.00125819
6 11 0.00064672
7 11 -0.000708586
8 11 0.000571578
9 11 0.00227179
10 11 0.000510707
11 11 0.000131727
12 11 0.00207282
1 12 0.0366361
2 12 0.00715561
3 12 0.00104411
4 12 0.00278966
5 12 0.00139372
6 12 0.00111333
7 12 -0.000881449
8 12 -0.000449185
9 12 1.24043e-05
10 12 -0.000414749
11 12 0.000855743
12 12 0.0016247
1 1 1.39683
2 1 1.15651
3 1 1.00941
4 1 0.892458
5 1 0.793489
6 1 0.70896
7 1 0.638403
8 1 0.580822
9 1 0.536095
10 1 0.504105
11 1 0.485139
12 1 0.478891
1 2 0.996225
2 2 0.708321
3 2 0.569605
4 2 0.47335
5 2 0.398632
6 2 0.337917
7 2 0.290198
8 2 0.251936
9 2 0.223432
10 2 0.203727
11 2 0.190852
12 2 0.185608
1 3 0.710905
2 3 0.434782
3 3 0.322711
4 3 0.25281
5 3 0.200984
6 3 0.162506
7 3 0.131497
8 3 0.108801
9 3 0.0917669
10 3 0.0792459
11 3 0.0712986
12 3 0.0681089
1 4 0.507002
2 4 0.26804
3 4 0.183636
4 4 0.137071
5 4 0.103353
6 4 0.0798519
7 4 0.0626173
8 4 0.0488572
9 4 0.0400907
10 4 0.0324346
11 4 0.0280198
12 4 0.0256606
1 5 0.361251
2 5 0.165188
3 5 0.105005
4 5 0.0743152
5 5 0.0522552
6 5 0.0403274
7 5 0.0285672
8 5 0.023508
9 5 0.01982
10 5 0.0138137
11 5 0.0113344
12 5 0.00962745
1 6 0.256002
2 6 0.102256
3 6 0.0616877
4 6 0.0403381
5 6 0.0270153
6 6 0.0190594
7 6 0.0114986
8 6 0.0110703
9 6 0.00984265
10 6 0.0061197
11 6 0.00558649
12 6 0.00427569
1 7 0.181872
2 7 0.0623811
3 7 0.0360496
4 7 0.0204497
5 7 0.0127529
6 7 0.00954995
7 7 0.00483063
8 7 0.00617061
9 7 0.00564947
10 7 0.00411286
11 7 0.00367696
12 7 0.00340418
1 8 0.129782
2 8 0.0386711
3 8 0.0217007
4 8 0.0106788
5 8 0.0060271
6 8 0.00535059
7 8 0.00254835
8 8 0.00237267
9 8 0.00304096
10 8 0.000792082
11 8 0.000334409
12 8 0.00136404
1 9 0.0927041
2 9 0.0247051
3 9 0.0131077
4 9 0.00425072
5 9 0.00158239
6 9 -4.42548e-05
7 9 0.00174574
8 9 0.00109907
9 9 0.00136065
11 9 0.00119436
12 9 0.00428382
1 10 0.0665191
2 10 0.0167006
3 10 0.00817289
4 10 0.00232877
5 10 0.000119533
7 10 0.00197821
8 10 0.000888568
9 10 0.000433967
10 10 -0.000154903
11 10 -0.000875781
12 10 0.0057811
1 11 0.0472064
2 11 0.0109068
3 11 0.00473747
4 11 0.000539291
5 11 -0.00147489
6 11 -0.00141844
7 11 -0.00113237
8 11 -0.00043556
9 11 0.00133914
10 11 0.000380041
11 11 0.000698561
12 11 0.00274939
1 12 0.0334055
2 12 0.00763627
3 12 0.003477
4 12 0.000425161
5 12 -0.0019562
6 12 -0.000975039
7 12 -1.349e-05
8 12 0.000487493
9 12 -0.000460219
10 12 -0.000474867
11 12 2.95328e-05
12 12 0.000293009